    Step    Atoms         tot[4]       pairc[4]           f[4]         mvv[4]         Volume         KinEng 
       0     1000     -13.036554     -13.036554              0              0           1000              0 
     100     1000      -284.6042      -278.2324              0      -6.371803           1000      697946.95 
     200     1000     -275.52012     -240.11455              0     -35.405569           1000      1348213.4 
     300     1000     -287.61252     -239.83487              0     -47.777649           1000        2311980 
     400     1000     -324.22599     -298.81595              0     -25.410041           1000      2933764.1 
     500     1000     -251.32708      -211.0307              0     -40.296381           1000      3056039.3 
     600     1000     -296.98524     -236.86419              0     -60.121047           1000      3542398.9 
     700     1000     -285.39042     -229.60254              0     -55.787877           1000        3899512 
     800     1000     -273.11056     -215.15987              0     -57.950694           1000      4026868.6 
     900     1000     -311.01909     -244.60565              0     -66.413437           1000      4203189.7 
    1000     1000     -291.02293     -230.96687              0     -60.056059           1000        4518890 
    1100     1000     -311.45903     -227.15073              0     -84.308308           1000      4419560.6 
    1200     1000     -343.42347     -259.92014              0     -83.503336           1000      4719285.1 
    1300     1000     -322.24489     -235.45762              0     -86.787267           1000      4963393.7 
    1400     1000       -352.139      -267.1377              0     -85.001296           1000      5066109.1 
    1500     1000     -423.11301     -296.73907              0     -126.37395           1000      5531319.8 
    1600     1000     -364.89518     -275.61701              0     -89.278166           1000      5689980.8 
    1700     1000     -374.76807     -265.99208              0     -108.77599           1000      6040363.6 
    1800     1000     -436.33684     -329.48665              0     -106.85019           1000        6180706 
    1900     1000     -440.53895     -318.20492              0     -122.33403           1000      6484918.2 
    2000     1000     -439.06383     -323.36845              0     -115.69538           1000      6757735.6 
    2100     1000     -442.72552     -343.97269              0     -98.752824           1000      7183424.5 
    2200     1000     -414.16189     -300.35037              0     -113.81152           1000      7354674.6 
    2300     1000     -455.51864     -338.54518              0     -116.97346           1000      7524984.1 
    2400     1000     -433.24466     -335.21214              0     -98.032524           1000      7709695.2 
    2500     1000      -463.1983     -345.75291              0     -117.44539           1000      7806010.2 
    2600     1000     -445.08532     -339.84501              0     -105.24031           1000      7896909.9 
    2700     1000     -467.77234     -351.76785              0     -116.00449           1000      8474428.4 
    2800     1000     -489.74764     -372.26263              0     -117.48502           1000      8831761.9 
    2900     1000     -453.90262     -339.22447              0     -114.67815           1000      8980562.1 
    3000     1000     -490.51449     -351.46009              0      -139.0544           1000      9015626.9 
    3100     1000     -490.88544     -385.41385              0     -105.47159           1000        9119521 
    3200     1000     -478.31247     -357.90259              0     -120.40988           1000        9274347 
    3300     1000     -461.92468      -370.0146              0     -91.910077           1000      9724656.3 
    3400     1000     -467.33846     -358.45923              0     -108.87923           1000        9823960 
    3500     1000     -503.24243     -390.52802              0     -112.71441           1000        9845522 
    3600     1000     -481.30263     -342.83374              0     -138.46889           1000       10109380 
    3700     1000     -491.70268     -358.13583              0     -133.56685           1000       10314686 
    3800     1000     -474.24616     -354.21924              0     -120.02693           1000       10594782 
    3900     1000     -533.64033     -388.45207              0     -145.18826           1000       10797744 
    4000     1000     -556.23419     -410.67829              0      -145.5559           1000       10964420 
    4100     1000     -516.17915     -383.07886              0     -133.10029           1000       11154706 
    4200     1000      -516.5904      -396.0443              0      -120.5461           1000       11524403 
    4300     1000     -530.14071     -428.05385              0     -102.08686           1000       11490851 
    4400     1000     -485.71997     -383.70047              0      -102.0195           1000       11527040 
    4500     1000     -479.06656     -380.61139              0      -98.45517           1000       11605393 
    4600     1000     -507.24686     -380.69091              0     -126.55595           1000       11810649 
    4700     1000     -548.26077     -447.77419              0     -100.48658           1000       12050093 
    4800     1000     -541.06823     -415.86445              0     -125.20378           1000       12212669 
    4900     1000     -530.29261     -401.35848              0     -128.93413           1000       12282565 
    5000     1000     -524.76811      -425.7747              0     -98.993415           1000       12465269 
    5100     1000     -501.43367     -416.74655              0     -84.687117           1000       12429092 
    5200     1000     -528.85744     -401.79697              0     -127.06047           1000       12632534 
    5300     1000     -509.80708      -389.5213              0     -120.28578           1000       13063364 
    5400     1000     -525.38152     -412.82407              0     -112.55745           1000       12966932 
    5500     1000     -522.11831     -422.77294              0     -99.345363           1000       13005160 
    5600     1000     -520.88901     -412.65909              0     -108.22993           1000       13193554 
    5700     1000     -527.79148     -400.20294              0     -127.58855           1000       13440498 
    5800     1000     -570.39716     -443.74239              0     -126.65478           1000       13761327 
    5900     1000     -554.55394     -442.21344              0      -112.3405           1000       13983112 
    6000     1000     -542.30932     -417.72506              0     -124.58426           1000       14212033 
    6100     1000     -553.56688     -427.34575              0     -126.22112           1000       14260510 
    6200     1000     -588.83512     -463.42785              0     -125.40726           1000       14456720 
    6300     1000     -530.08371     -434.69955              0     -95.384161           1000       14387502 
    6400     1000      -512.8663     -404.54976              0     -108.31654           1000       14491952 
    6500     1000      -536.8147     -402.69531              0     -134.11939           1000       14622551 
    6600     1000     -523.61184     -417.30253              0     -106.30932           1000       14779412 
    6700     1000      -527.4761     -406.66628              0     -120.80982           1000       14834246 
    6800     1000     -518.12403     -401.48027              0     -116.64377           1000       15028786 
    6900     1000     -548.53163     -433.16964              0       -115.362           1000       15165320 
    7000     1000     -559.41591     -445.47804              0     -113.93787           1000       15665241 
    7100     1000     -525.19568     -411.80432              0     -113.39136           1000       15487666 
    7200     1000     -521.00043     -397.41709              0     -123.58334           1000       15523823 
    7300     1000     -563.80437     -441.60609              0     -122.19828           1000       15752652 
    7400     1000     -533.46304     -422.84036              0     -110.62268           1000       15796461 
    7500     1000       -501.445     -400.20836              0     -101.23664           1000       16035552 
    7600     1000     -537.66663     -432.23475              0     -105.43188           1000       16259072 
    7700     1000     -511.30026     -411.47521              0     -99.825055           1000       16333050 
    7800     1000      -512.1686     -402.84456              0     -109.32404           1000       16418717 
    7900     1000     -529.40363     -418.85092              0     -110.55271           1000       16615170 
    8000     1000     -526.57931     -407.77685              0     -118.80246           1000       16667885 
    8100     1000     -550.11446     -440.85435              0     -109.26011           1000       16815900 
    8200     1000     -527.98237      -415.6864              0     -112.29597           1000       16846295 
    8300     1000     -537.13774     -431.00035              0     -106.13739           1000       16996113 
    8400     1000     -528.18631     -429.63352              0     -98.552793           1000       17219271 
    8500     1000     -516.08012     -411.66575              0     -104.41437           1000       17181948 
    8600     1000     -515.03572      -418.8644              0     -96.171313           1000       17119244 
    8700     1000     -499.49543      -396.5187              0     -102.97673           1000       17103249 
    8800     1000     -528.27503      -420.0846              0     -108.19044           1000       17207347 
    8900     1000     -528.06145      -418.6179              0     -109.44355           1000       17285718 
    9000     1000     -530.97682     -436.49138              0     -94.485432           1000       17468302 
    9100     1000     -524.17478     -408.72351              0     -115.45127           1000       17651991 
    9200     1000     -509.56503     -408.90329              0     -100.66174           1000       17646882 
    9300     1000     -524.97758     -418.51332              0     -106.46425           1000       17742706 
    9400     1000     -512.35474     -400.59726              0     -111.75748           1000       17809320 
    9500     1000     -569.30354     -448.51547              0     -120.78807           1000       17837309 
    9600     1000     -513.29558     -415.06203              0     -98.233549           1000       17986404 
    9700     1000     -529.38563      -429.8191              0      -99.56653           1000       17977559 
    9800     1000     -523.98992     -418.66777              0     -105.32214           1000       18007514 
    9900     1000     -534.50979     -436.22924              0     -98.280545           1000       18015442 
   10000     1000     -536.57514     -440.94585              0     -95.629288           1000       18030861 
   10100     1000      -483.5913     -397.29999              0     -86.291303           1000       17939065 
   10200     1000     -523.32879     -412.05111              0     -111.27768           1000       18058813 
   10300     1000     -552.73869     -443.36764              0     -109.37105           1000       18309485 
   10400     1000      -531.8334     -418.39462              0     -113.43878           1000       18314766 
   10500     1000     -551.12824     -430.02807              0     -121.10017           1000       18555700 
   10600     1000     -569.54537     -454.44579              0     -115.09958           1000       18703593 
   10700     1000       -542.473     -441.55186              0     -100.92113           1000       18685466 
   10800     1000     -507.92461     -397.35342              0     -110.57119           1000       18825710 
   10900     1000     -492.56168     -389.93324              0     -102.62844           1000       19007022 
   11000     1000     -501.83092     -399.11261              0     -102.71832           1000       18976801 
   11100     1000     -502.00812     -408.55286              0     -93.455266           1000       19098508 
   11200     1000     -518.82068     -409.93044              0     -108.89024           1000       19104892 
   11300     1000     -548.47001     -439.91981              0      -108.5502           1000       19191222 
   11400     1000     -562.00339     -448.59437              0     -113.40902           1000       19128961 
   11500     1000     -537.55897     -422.98546              0     -114.57351           1000       19252020 
   11600     1000     -521.65313     -423.81354              0     -97.839583           1000       19145661 
   11700     1000     -563.84289     -451.27398              0     -112.56891           1000       19081186 
   11800     1000      -565.5516     -446.82938              0     -118.72222           1000       19159384 
   11900     1000     -507.80859     -391.04611              0     -116.76248           1000       19135927 
   12000     1000     -536.55355       -434.725              0     -101.82855           1000       19298575 
   12100     1000     -544.91905     -432.70739              0     -112.21166           1000       19354525 
   12200     1000     -527.54446     -432.90029              0     -94.644178           1000       19413695 
   12300     1000     -570.41414     -449.01287              0     -121.40126           1000       19471371 
   12400     1000     -546.13804     -436.95406              0     -109.18398           1000       19538275 
   12500     1000     -555.46729     -440.31176              0     -115.15553           1000       19717605 
   12600     1000     -539.74014     -431.66167              0     -108.07847           1000       19797671 
   12700     1000     -537.90434     -436.30111              0     -101.60323           1000       19762296 
   12800     1000     -551.56524     -442.72318              0     -108.84206           1000       19976037 
   12900     1000     -583.02581     -467.29158              0     -115.73422           1000       20155187 
   13000     1000     -541.86636      -444.6159              0     -97.250461           1000       20146740 
   13100     1000     -529.34658     -416.88747              0     -112.45911           1000       20208918 
   13200     1000     -555.77347     -442.57994              0     -113.19353           1000       20088575 
   13300     1000     -533.46473     -439.48725              0     -93.977488           1000       20220949 
   13400     1000     -530.67981     -430.96264              0     -99.717168           1000       20249280 
   13500     1000      -519.9832     -413.86202              0     -106.12118           1000       20167969 
   13600     1000     -509.81991     -411.56611              0     -98.253795           1000       20061009 
   13700     1000     -573.83858     -464.87732              0     -108.96125           1000       20053491 
   13800     1000     -537.90247     -432.46379              0     -105.43869           1000       20125792 
   13900     1000     -531.17226      -424.9583              0     -106.21396           1000       20162617 
   14000     1000     -564.75391     -450.47272              0     -114.28119           1000       20227442 
   14100     1000     -526.93393     -393.21029              0     -133.72364           1000       20287247 
   14200     1000     -576.27688       -456.791              0     -119.48588           1000       20314473 
   14300     1000     -557.26265     -443.21178              0     -114.05087           1000       20371857 
   14400     1000      -538.1955     -423.89222              0     -114.30328           1000       20419421 
   14500     1000     -568.28989     -461.19363              0     -107.09626           1000       20485092 
   14600     1000     -518.30632     -418.54071              0     -99.765617           1000       20539004 
   14700     1000     -531.77508     -426.98233              0     -104.79276           1000       20654778 
   14800     1000     -516.05737     -415.42102              0     -100.63635           1000       20710250 
   14900     1000     -525.33938     -420.27685              0     -105.06253           1000       20763887 
   15000     1000      -507.0207     -396.85454              0     -110.16616           1000       20797915 
   15100     1000     -510.01959     -401.68326              0     -108.33633           1000       20799148 
   15200     1000     -514.04484     -399.35424              0      -114.6906           1000       20834454 
   15300     1000     -592.93161     -457.66475              0     -135.26687           1000       20892670 
   15400     1000     -595.00323      -471.3238              0     -123.67943           1000       21063739 
   15500     1000     -581.21337     -455.67387              0     -125.53951           1000       21012040 
   15600     1000     -551.04811     -431.71861              0      -119.3295           1000       20924375 
   15700     1000     -564.25666     -453.75804              0     -110.49861           1000       20932133 
   15800     1000     -549.72235     -425.03068              0     -124.69167           1000       20863103 
   15900     1000     -543.07771     -425.72669              0     -117.35102           1000       21009483 
   16000     1000     -551.36484     -430.47951              0     -120.88533           1000       21028915 
   16100     1000     -540.61892     -436.90906              0     -103.70986           1000       20991653 
   16200     1000     -529.86022     -404.06638              0     -125.79384           1000       20986234 
   16300     1000     -554.29281     -437.42522              0     -116.86759           1000       20993731 
   16400     1000     -536.51051     -413.34749              0     -123.16302           1000       21088984 
   16500     1000      -556.0021     -453.46535              0     -102.53675           1000       21162967 
   16600     1000     -564.47469     -456.16145              0     -108.31323           1000       21309124 
   16700     1000     -535.80773     -432.60779              0     -103.19995           1000       21468303 
   16800     1000     -552.16059      -436.5476              0     -115.61299           1000       21420948 
   16900     1000     -540.12228     -433.67119              0     -106.45109           1000       21412005 
   17000     1000     -526.87344     -422.90232              0     -103.97113           1000       21401016 
   17100     1000     -567.23826     -464.09883              0     -103.13943           1000       21260434 
   17200     1000     -531.17558     -417.01257              0     -114.16301           1000       21105468 
   17300     1000     -554.36449      -459.7836              0     -94.580892           1000       21095010 
   17400     1000     -531.89702     -431.19763              0     -100.69939           1000       21162797 
   17500     1000     -549.30726     -417.15174              0     -132.15552           1000       21129090 
   17600     1000     -549.85813     -419.58669              0     -130.27143           1000       21262734 
   17700     1000     -550.27105     -429.18368              0     -121.08737           1000       21339948 
   17800     1000     -570.71911     -457.21255              0     -113.50655           1000       21452182 
   17900     1000     -565.77983     -465.05591              0     -100.72392           1000       21362648 
   18000     1000     -527.21922     -420.45287              0     -106.76635           1000       21374476 
   18100     1000     -537.95921     -441.02532              0     -96.933889           1000       21417414 
   18200     1000     -479.66342     -384.76301              0      -94.90041           1000       21506414 
   18300     1000     -505.74697     -406.04416              0     -99.702811           1000       21581965 
   18400     1000      -527.5124     -419.99345              0     -107.51895           1000       21626917 
   18500     1000     -537.01259     -443.63541              0      -93.37718           1000       21816323 
   18600     1000     -546.49264     -450.39234              0     -96.100298           1000       21722102 
   18700     1000     -523.74749     -417.24433              0     -106.50316           1000       21649148 
   18800     1000     -536.38762     -420.04493              0     -116.34269           1000       21618424 
   18900     1000     -541.57729     -444.42654              0     -97.150754           1000       21561489 
   19000     1000     -532.39694     -427.89712              0     -104.49982           1000       21481483 
   19100     1000     -536.32195     -423.29481              0     -113.02714           1000       21520606 
   19200     1000     -525.40395     -412.86596              0     -112.53799           1000       21442709 
   19300     1000     -552.87693     -445.98565              0     -106.89129           1000       21421018 
   19400     1000     -525.81592     -411.54711              0     -114.26881           1000       21498807 
   19500     1000     -555.86986     -449.12509              0     -106.74477           1000       21571157 
   19600     1000     -535.18278     -430.46501              0     -104.71776           1000       21586396 
   19700     1000     -541.92048     -421.46522              0     -120.45526           1000       21683525 
   19800     1000     -545.56207     -425.25376              0     -120.30831           1000       21711971 
   19900     1000     -559.92195      -447.5167              0     -112.40525           1000       21685240 
   20000     1000     -541.72385     -438.16626              0      -103.5576           1000       21696003 
   20100     1000     -592.90372     -480.23109              0     -112.67263           1000       21652550 
   20200     1000     -533.79532     -419.34635              0     -114.44898           1000       21666159 
   20300     1000     -546.34402     -432.83502              0       -113.509           1000       21611344 
   20400     1000     -550.59584     -440.34417              0     -110.25167           1000       21811455 
   20500     1000      -546.0833     -441.33442              0     -104.74888           1000       21759089 
   20600     1000     -540.35073      -418.6969              0     -121.65383           1000       21805886 
   20700     1000     -572.90335     -459.30741              0     -113.59594           1000       21716448 
   20800     1000     -539.19803     -414.03876              0     -125.15926           1000       21624635 
   20900     1000     -548.52221     -432.47681              0      -116.0454           1000       21560259 
   21000     1000     -543.81691     -433.85719              0     -109.95972           1000       21547212 
   21100     1000     -587.54808     -472.49097              0     -115.05711           1000       21558195 
   21200     1000     -564.08913     -453.62169              0     -110.46743           1000       21455745 
   21300     1000     -538.97405     -435.72445              0      -103.2496           1000       21346203 
   21400     1000     -543.77174     -448.36298              0     -95.408753           1000       21449498 
   21500     1000     -542.38896     -448.12667              0     -94.262293           1000       21521780 
   21600     1000     -558.26943     -458.66331              0     -99.606119           1000       21598845 
   21700     1000      -543.6084     -434.23667              0     -109.37174           1000       21667793 
   21800     1000     -541.36522      -430.6005              0     -110.76473           1000       21746458 
   21900     1000     -539.57212     -427.00469              0     -112.56743           1000       22029579 
   22000     1000     -531.39975     -429.98475              0     -101.41499           1000       21975469 
   22100     1000     -517.85978     -409.63532              0     -108.22447           1000       22109069 
   22200     1000     -530.31063       -417.685              0     -112.62563           1000       21997810 
   22300     1000     -518.43936     -427.47762              0      -90.96174           1000       22014570 
   22400     1000     -511.32602     -406.40079              0     -104.92523           1000       21912427 
   22500     1000     -519.33032     -401.98781              0     -117.34251           1000       21876766 
   22600     1000      -539.4978     -423.17603              0     -116.32177           1000       21931953 
   22700     1000     -549.90804     -429.84828              0     -120.05976           1000       22087488 
   22800     1000     -518.64551     -401.75567              0     -116.88984           1000       21805784 
   22900     1000     -556.41344     -446.61291              0     -109.80053           1000       21670591 
   23000     1000     -534.59426     -415.70986              0      -118.8844           1000       21600082 
   23100     1000     -562.44697     -456.11437              0      -106.3326           1000       21587534 
   23200     1000     -564.99073     -449.49959              0     -115.49114           1000       21600553 
   23300     1000     -541.54044     -409.50009              0     -132.04035           1000       21672270 
   23400     1000     -558.50071     -437.43155              0     -121.06916           1000       21653384 
   23500     1000     -574.01349     -456.53447              0     -117.47902           1000       21664605 
   23600     1000     -579.70524     -472.45205              0      -107.2532           1000       21770062 
   23700     1000      -562.4694     -438.51297              0     -123.95642           1000       21872847 
   23800     1000     -583.81827     -442.21127              0       -141.607           1000       21991531 
   23900     1000     -601.58563     -484.17173              0     -117.41389           1000       22137945 
   24000     1000     -542.69899     -431.12399              0     -111.57501           1000       21949368 
   24100     1000     -562.57125     -451.56618              0     -111.00506           1000       21993006 
   24200     1000     -580.29825      -467.7761              0     -112.52214           1000       22027507 
   24300     1000      -548.7379     -433.58411              0     -115.15379           1000       21958380 
   24400     1000     -568.04948     -425.73378              0      -142.3157           1000       21885859 
   24500     1000     -586.76006      -456.3536              0     -130.40645           1000       21956497 
   24600     1000     -604.56781     -488.73915              0     -115.82867           1000       22274029 
   24700     1000     -580.83459     -463.85966              0     -116.97493           1000       21868084 
   24800     1000     -550.19328     -429.73826              0     -120.45502           1000       21901375 
   24900     1000     -561.35051     -433.57555              0     -127.77496           1000       21815726 
   25000     1000     -586.74916     -465.53167              0     -121.21749           1000       21761859 
   25100     1000     -539.93877     -420.78954              0     -119.14923           1000       21737554 
   25200     1000     -570.24274     -454.30074              0       -115.942           1000       21677523 
   25300     1000     -530.62963      -415.0452              0     -115.58442           1000       21635292 
   25400     1000     -542.90067     -429.74513              0     -113.15554           1000       21914291 
   25500     1000     -533.49637     -419.84739              0     -113.64898           1000       21627747 
   25600     1000     -583.59567     -475.24286              0      -108.3528           1000       21657213 
   25700     1000     -543.95026     -429.98165              0     -113.96861           1000       21703704 
   25800     1000     -549.60921     -439.94744              0     -109.66177           1000       21631755 
   25900     1000     -514.56116     -398.50472              0     -116.05643           1000       21817145 
   26000     1000     -537.50549     -439.81012              0     -97.695372           1000       21748649 
   26100     1000     -538.86729     -422.15986              0     -116.70743           1000       21650276 
   26200     1000     -539.82008     -437.35638              0      -102.4637           1000       21708574 
   26300     1000     -555.83684     -436.05132              0     -119.78552           1000       21593433 
   26400     1000     -578.82158     -465.50677              0     -113.31481           1000       21522514 
   26500     1000      -568.6158      -442.2518              0       -126.364           1000       21600700 
   26600     1000     -562.71383     -441.61012              0     -121.10371           1000       21525028 
   26700     1000     -513.44687     -405.89683              0     -107.55004           1000       21642289 
   26800     1000     -529.50523     -418.77741              0     -110.72782           1000       21536864 
   26900     1000     -536.50581      -420.8754              0     -115.63042           1000       21531798 
   27000     1000     -577.75326     -456.45826              0       -121.295           1000       21604781 
   27100     1000     -561.08839     -449.22095              0     -111.86744           1000       21586935 
   27200     1000     -542.90313     -438.40263              0      -104.5005           1000       21624319 
   27300     1000     -557.10003     -443.41113              0     -113.68889           1000       21564110 
   27400     1000     -598.44463     -478.63731              0     -119.80733           1000       21693453 
   27500     1000      -535.3838     -417.43788              0     -117.94592           1000       21727170 
   27600     1000     -505.09679     -400.73637              0     -104.36042           1000       21710069 
   27700     1000     -519.56526     -418.50385              0     -101.06141           1000       21742319 
   27800     1000     -521.06095     -417.81245              0      -103.2485           1000       21745543 
   27900     1000     -534.44835     -423.12258              0     -111.32577           1000       21701230 
   28000     1000      -534.4585     -422.36903              0     -112.08947           1000       21675193 
   28100     1000     -552.90917      -447.1125              0     -105.79668           1000       21658470 
   28200     1000     -531.70232     -431.00318              0     -100.69915           1000       21747683 
   28300     1000     -553.17833     -436.83079              0     -116.34753           1000       21688949 
   28400     1000     -552.82515     -442.03891              0     -110.78624           1000       21734015 
   28500     1000     -562.04694     -432.56527              0     -129.48166           1000       21799502 
   28600     1000      -580.4114     -447.96029              0     -132.45112           1000       21830934 
   28700     1000      -554.7302     -452.07743              0     -102.65277           1000       21898148 
   28800     1000     -558.56159     -438.26816              0     -120.29343           1000       21956641 
   28900     1000     -544.38489      -426.8423              0     -117.54259           1000       21786289 
   29000     1000     -592.79255     -482.25699              0     -110.53556           1000       21897021 
   29100     1000     -559.33823     -438.57326              0     -120.76496           1000       22156455 
   29200     1000       -563.951     -447.14812              0     -116.80287           1000       21803454 
   29300     1000     -544.63458     -433.89511              0     -110.73947           1000       21663072 
   29400     1000      -536.0228     -433.14703              0     -102.87576           1000       21722591 
   29500     1000     -532.67197     -440.94415              0     -91.727823           1000       21703962 
   29600     1000      -570.6952     -454.49875              0     -116.19645           1000       21755135 
   29700     1000     -544.51652      -434.3335              0     -110.18302           1000       21726194 
   29800     1000     -533.77027     -442.65013              0     -91.120143           1000       21754224 
   29900     1000     -518.17781     -417.61676              0     -100.56105           1000       21833310 
   30000     1000      -531.5652     -436.79745              0     -94.767754           1000       21873268 
   30100     1000     -505.88691     -400.97565              0     -104.91126           1000       21935659 
   30200     1000     -541.74529     -433.33256              0     -108.41273           1000       21732544 
   30300     1000     -553.53941     -445.68605              0     -107.85336           1000       21831416 
   30400     1000     -533.28216     -437.08675              0     -96.195415           1000       21828267 
   30500     1000     -555.08663     -444.61885              0     -110.46778           1000       21800155 
   30600     1000     -523.41829     -401.65632              0     -121.76197           1000       21852260 
   30700     1000     -561.38538     -444.52771              0     -116.85767           1000       21753387 
   30800     1000     -532.21075      -412.0401              0     -120.17065           1000       21617391 
   30900     1000     -528.95305     -411.53632              0     -117.41673           1000       21637115 
   31000     1000     -554.39787     -448.80202              0     -105.59585           1000       21674069 
   31100     1000     -544.50565      -437.1423              0     -107.36334           1000       21654065 
   31200     1000     -580.07496     -461.80922              0     -118.26574           1000       21751509 
   31300     1000     -553.46126     -428.70322              0     -124.75804           1000       21948651 
   31400     1000     -598.10498     -478.26972              0     -119.83527           1000       21819784 
   31500     1000      -558.0332     -444.92021              0     -113.11299           1000       21773613 
   31600     1000     -572.49666     -461.70483              0     -110.79183           1000       21753451 
   31700     1000     -556.44406     -432.46078              0     -123.98329           1000       21892670 
   31800     1000     -550.81745      -445.0717              0     -105.74575           1000       21988090 
   31900     1000      -544.4836     -431.89234              0     -112.59126           1000       21966584 
   32000     1000     -557.68582     -453.24738              0     -104.43844           1000       22025335 
   32100     1000     -564.10386     -448.22044              0     -115.88342           1000       21963702 
   32200     1000      -545.9103     -441.98608              0     -103.92422           1000       21899005 
   32300     1000     -558.08793      -444.3194              0     -113.76853           1000       21811378 
   32400     1000     -528.52257     -429.40366              0     -99.118902           1000       21787672 
   32500     1000     -500.22613     -391.58971              0     -108.63642           1000       21696046 
   32600     1000     -555.64191     -436.22791              0     -119.41399           1000       21717627 
   32700     1000     -575.18966     -450.30304              0     -124.88662           1000       21848262 
   32800     1000     -559.18761     -448.36189              0     -110.82572           1000       22058613 
   32900     1000     -570.45475     -450.84143              0     -119.61332           1000       21882562 
   33000     1000     -565.82039     -458.03502              0     -107.78537           1000       21830865 
   33100     1000     -574.39707     -464.43605              0     -109.96102           1000       21822456 
   33200     1000     -581.86551     -465.94966              0     -115.91585           1000       21927294 
   33300     1000     -573.91165     -446.44107              0     -127.47058           1000       22011437 
   33400     1000     -563.08597     -447.82734              0     -115.25863           1000       22094442 
   33500     1000     -569.93966     -460.26495              0     -109.67472           1000       22039189 
   33600     1000     -554.25917     -461.71599              0      -92.54318           1000       21954158 
   33700     1000      -547.0108      -448.0353              0     -98.975502           1000       21950265 
   33800     1000     -568.51564     -455.11028              0     -113.40537           1000       21936591 
   33900     1000     -589.76562       -461.692              0     -128.07361           1000       21964840 
   34000     1000     -565.70455     -462.46852              0     -103.23604           1000       21987485 
   34100     1000     -545.67581     -437.57847              0     -108.09734           1000       21829876 
   34200     1000     -517.48594     -424.99165              0     -92.494289           1000       21752414 
   34300     1000     -566.68533     -467.61457              0     -99.070754           1000       21908308 
   34400     1000     -522.94529      -413.2584              0     -109.68689           1000       22126256 
   34500     1000     -511.31351      -417.1115              0     -94.202006           1000       22111911 
   34600     1000     -538.59286     -427.43884              0     -111.15402           1000       22210746 
   34700     1000     -539.85432     -425.76821              0     -114.08611           1000       22178642 
   34800     1000     -537.89504     -429.08572              0     -108.80933           1000       22094149 
   34900     1000     -543.40547     -442.78442              0     -100.62105           1000       22078388 
   35000     1000     -557.76213     -445.73247              0     -112.02967           1000       22081343 
   35100     1000     -539.67975     -430.57253              0     -109.10722           1000       21964876 
   35200     1000     -556.64021     -456.08334              0     -100.55687           1000       21883623 
   35300     1000     -530.67093     -424.63595              0     -106.03498           1000       21947148 
   35400     1000     -541.62834      -438.3586              0     -103.26974           1000       22029143 
   35500     1000     -543.69657     -436.34355              0     -107.35301           1000       21933406 
   35600     1000     -536.95818     -409.88779              0     -127.07039           1000       21990758 
   35700     1000     -552.45063     -430.26707              0     -122.18356           1000       21911763 
   35800     1000     -560.50939     -439.25715              0     -121.25224           1000       21914493 
   35900     1000     -583.05167     -486.05421              0     -96.997456           1000       21970532 
   36000     1000     -561.61229     -432.06388              0     -129.54841           1000       22000352 
   36100     1000     -524.93586     -413.50237              0     -111.43349           1000       22064276 
   36200     1000     -566.33138      -471.3822              0     -94.949186           1000       22027679 
   36300     1000     -559.18368     -447.63837              0     -111.54531           1000       22173170 
   36400     1000      -558.4571      -439.8254              0      -118.6317           1000       21759326 
   36500     1000     -540.83233       -430.602              0     -110.23033           1000       21801942 
   36600     1000     -557.49841     -444.45201              0      -113.0464           1000       21727457 
   36700     1000     -579.61253     -448.02561              0     -131.58691           1000       21781049 
   36800     1000     -593.71545     -457.20765              0      -136.5078           1000       21688756 
   36900     1000     -604.28016     -488.64539              0     -115.63477           1000       21671765 
   37000     1000     -573.67466     -460.44365              0     -113.23101           1000       21619789 
   37100     1000     -531.33418     -418.74759              0      -112.5866           1000       21649535 
   37200     1000     -518.51182     -417.36071              0     -101.15111           1000       21639582 
   37300     1000     -538.24413     -439.06395              0     -99.180183           1000       21705028 
   37400     1000     -524.43759     -431.56597              0     -92.871625           1000       21782510 
   37500     1000     -552.11514     -444.82961              0     -107.28553           1000       21854747 
   37600     1000     -524.46731     -414.28055              0     -110.18676           1000       21753132 
   37700     1000     -509.96284     -405.86321              0     -104.09963           1000       21755136 
   37800     1000     -526.69637     -415.07724              0     -111.61913           1000       21735837 
   37900     1000      -540.5285     -431.99533              0     -108.53318           1000       21833755 
   38000     1000     -551.26715     -447.01857              0     -104.24858           1000       21923507 
   38100     1000     -490.95707     -395.53169              0      -95.42538           1000       21885070 
   38200     1000      -513.7123     -403.52201              0     -110.19029           1000       21824879 
   38300     1000     -532.71511     -427.76321              0      -104.9519           1000       21812382 
   38400     1000     -538.86832     -432.83177              0     -106.03655           1000       21746683 
   38500     1000      -559.0252     -434.53172              0     -124.49348           1000       21722555 
   38600     1000     -573.34397     -461.35148              0     -111.99248           1000       21685746 
   38700     1000     -580.81981     -478.05102              0     -102.76878           1000       21740382 
   38800     1000     -532.10609      -442.6308              0     -89.475283           1000       21689848 
   38900     1000     -523.73618     -399.03847              0     -124.69771           1000       21793317 
   39000     1000     -526.36306     -421.63775              0     -104.72531           1000       21908285 
   39100     1000     -546.70031     -440.94629              0     -105.75402           1000       22018118 
   39200     1000     -529.49994     -425.40592              0     -104.09402           1000       21960002 
   39300     1000     -549.64534     -443.32038              0     -106.32496           1000       21966299 
   39400     1000     -509.70091     -395.67702              0      -114.0239           1000       21846174 
   39500     1000     -569.03615     -467.65788              0     -101.37828           1000       21730818 
   39600     1000     -538.89125     -436.88814              0     -102.00311           1000       21764686 
   39700     1000     -514.57878     -409.46627              0     -105.11251           1000       21739971 
   39800     1000      -532.8242     -435.20609              0     -97.618111           1000       21731092 
   39900     1000     -560.25595     -448.65534              0     -111.60062           1000       21740847 
   40000     1000     -548.13544     -434.25961              0     -113.87583           1000       21706047 
   40100     1000     -561.77451     -451.17478              0     -110.59973           1000       21661866 
   40200     1000     -554.99481     -445.30356              0     -109.69125           1000       21667343 
   40300     1000     -556.10107     -435.50124              0     -120.59983           1000       21767114 
   40400     1000     -548.39569     -431.72504              0     -116.67065           1000       21801242 
   40500     1000     -597.52938     -479.94421              0     -117.58517           1000       21769685 
   40600     1000       -566.557     -461.77151              0     -104.78549           1000       21727277 
   40700     1000     -538.56016     -429.94893              0     -108.61123           1000       21845351 
   40800     1000     -543.81586     -424.15033              0     -119.66553           1000       21936673 
   40900     1000     -553.59545     -448.37456              0     -105.22089           1000       21890905 
   41000     1000     -573.04001     -463.89358              0     -109.14643           1000       21961173 
   41100     1000      -589.5347       -474.191              0     -115.34371           1000       22041939 
   41200     1000     -546.58011     -432.51028              0     -114.06983           1000       22041096 
   41300     1000     -554.91654     -444.34565              0     -110.57089           1000       22069815 
   41400     1000     -534.25427     -433.18468              0     -101.06959           1000       22020048 
   41500     1000     -525.15244     -425.13282              0     -100.01962           1000       22017998 
   41600     1000     -533.06412     -445.58315              0     -87.480969           1000       21983087 
   41700     1000     -488.54454     -392.36724              0       -96.1773           1000       21905115 
   41800     1000     -555.99505     -445.02114              0     -110.97391           1000       21982575 
   41900     1000     -541.07948     -423.45965              0     -117.61983           1000       21892690 
   42000     1000     -521.89681     -430.96716              0     -90.929648           1000       21764924 
   42100     1000     -530.82976     -421.90807              0     -108.92169           1000       21781219 
   42200     1000     -519.73777     -417.74603              0     -101.99173           1000       21787800 
   42300     1000     -517.62543     -412.56233              0      -105.0631           1000       21837694 
   42400     1000     -533.53464     -431.08096              0     -102.45367           1000       21824863 
   42500     1000     -568.69909     -449.69168              0     -119.00741           1000       21811458 
   42600     1000     -577.82603     -472.64184              0     -105.18419           1000       21920107 
   42700     1000     -591.23245     -465.02161              0     -126.21084           1000       22047961 
   42800     1000     -555.87907     -428.38693              0     -127.49214           1000       22146948 
   42900     1000     -567.16234     -446.16571              0     -120.99663           1000       21938951 
   43000     1000     -588.13662      -456.0233              0     -132.11332           1000       22010743 
   43100     1000      -544.1208     -441.31848              0     -102.80232           1000       22010679 
   43200     1000     -559.87933     -438.48385              0     -121.39549           1000       21913861 
   43300     1000     -544.87353     -440.90653              0       -103.967           1000       21834733 
   43400     1000     -543.99795     -444.43472              0      -99.56323           1000       21814799 
   43500     1000     -555.18635     -451.38297              0     -103.80338           1000       21712444 
   43600     1000     -573.18345     -458.75457              0     -114.42889           1000       21686326 
   43700     1000      -552.4156      -446.5881              0      -105.8275           1000       21842159 
   43800     1000     -533.38083     -415.30466              0     -118.07617           1000       21824639 
   43900     1000     -544.29084      -425.5458              0     -118.74504           1000       21786113 
   44000     1000     -556.20699     -439.56715              0     -116.63983           1000       21723664 
   44100     1000      -536.5162     -425.95639              0     -110.55982           1000       21734930 
   44200     1000     -556.67862     -455.46926              0     -101.20936           1000       21750214 
   44300     1000     -525.10726     -413.80361              0     -111.30365           1000       21801495 
   44400     1000      -539.1692     -441.30629              0     -97.862905           1000       21709703 
   44500     1000     -528.58484     -410.35926              0     -118.22558           1000       21854323 
   44600     1000     -552.55232     -455.49531              0      -97.05701           1000       21746117 
   44700     1000     -526.51341     -425.07855              0     -101.43486           1000       21678487 
   44800     1000      -550.4068      -436.4018              0       -114.005           1000       21707581 
   44900     1000     -562.31531     -454.19583              0     -108.11948           1000       21723054 
   45000     1000     -530.03095     -430.73396              0     -99.296988           1000       21612638 
   45100     1000     -521.68904     -408.34942              0     -113.33962           1000       21611799 
   45200     1000     -538.72529     -434.85154              0     -103.87375           1000       21740225 
   45300     1000     -534.07544     -424.04997              0     -110.02547           1000       21807663 
   45400     1000     -518.86918     -415.01441              0     -103.85477           1000       21907159 
   45500     1000     -554.06248     -435.78402              0     -118.27846           1000       22080996 
   45600     1000      -535.8562       -413.973              0      -121.8832           1000       21701478 
   45700     1000     -565.99725     -451.93489              0     -114.06236           1000       21784546 
   45800     1000     -575.23737     -471.32046              0     -103.91691           1000       21751895 
   45900     1000     -550.43277     -454.66424              0     -95.768526           1000       21634705 
   46000     1000     -519.28227     -420.62776              0     -98.654511           1000       21564655 
   46100     1000     -504.14113     -409.16339              0     -94.977747           1000       21677146 
   46200     1000     -526.90933     -429.64944              0     -97.259894           1000       21633090 
   46300     1000     -516.57411     -413.69015              0     -102.88397           1000       21584956 
   46400     1000     -529.33772     -425.02595              0     -104.31177           1000       21640457 
   46500     1000     -563.51309     -446.62689              0      -116.8862           1000       21750478 
   46600     1000     -563.51186      -460.3104              0     -103.20146           1000       21643282 
   46700     1000     -500.12096      -397.6805              0     -102.44047           1000       21719636 
   46800     1000     -524.95826     -422.73006              0     -102.22819           1000       21760469 
   46900     1000     -538.34037     -425.56611              0     -112.77426           1000       21729600 
   47000     1000     -564.98544     -439.20461              0     -125.78083           1000       21791593 
   47100     1000     -580.77371     -458.30564              0     -122.46807           1000       21777599 
   47200     1000     -578.87548     -465.54184              0     -113.33365           1000       22033223 
   47300     1000     -533.86439     -434.55096              0     -99.313429           1000       21732446 
   47400     1000     -523.69176     -415.87275              0     -107.81901           1000       21822508 
   47500     1000      -533.5914     -423.45713              0     -110.13427           1000       21910361 
   47600     1000     -581.43212     -464.01576              0     -117.41636           1000       21908043 
   47700     1000     -576.85991     -473.15079              0     -103.70912           1000       21795055 
   47800     1000     -556.60189     -449.39414              0     -107.20775           1000       21891959 
   47900     1000     -579.96398     -460.20483              0     -119.75915           1000       21843205 
   48000     1000     -557.12877     -441.81164              0     -115.31713           1000       21879905 
   48100     1000     -545.87127     -437.68869              0     -108.18258           1000       21808548 
   48200     1000     -559.19589     -437.19282              0     -122.00307           1000       21840615 
   48300     1000     -522.36712     -413.95499              0     -108.41214           1000       21790622 
   48400     1000     -536.58285     -423.14155              0      -113.4413           1000       21869727 
   48500     1000     -542.76709      -439.3977              0     -103.36939           1000       21833972 
   48600     1000     -539.58287     -423.20985              0     -116.37302           1000       21784125 
   48700     1000     -531.59452     -419.65186              0     -111.94266           1000       21840591 
   48800     1000     -539.82432      -430.1045              0     -109.71981           1000       21926349 
   48900     1000     -560.65784     -461.94667              0     -98.711174           1000       21982214 
   49000     1000     -557.12172     -454.25165              0     -102.87007           1000       21903875 
   49100     1000     -514.61853     -398.09786              0     -116.52068           1000       21899831 
   49200     1000     -547.72922     -428.93681              0     -118.79242           1000       21767333 
   49300     1000     -543.65911     -424.21134              0     -119.44777           1000       21817598 
   49400     1000     -589.35281     -469.84773              0     -119.50507           1000       21846728 
   49500     1000     -543.44142     -427.19434              0     -116.24708           1000       21876193 
   49600     1000     -550.92378     -418.04633              0     -132.87745           1000       21835175 
   49700     1000     -574.48548     -444.91477              0     -129.57071           1000       21749545 
   49800     1000     -574.45879     -451.54562              0     -122.91317           1000       21781487 
   49900     1000     -592.27204     -465.85666              0     -126.41538           1000       21846962 
   50000     1000     -537.21576     -406.81616              0      -130.3996           1000       21886973 
